0.105882 0.117647 0.160784 1.000000
0.117647 0.133333 0.176471 1.000000
0.125490 0.145098 0.184314 1.000000
0.137255 0.156863 0.200000 1.000000
0.141176 0.160784 0.203922 1.000000
0.152941 0.172549 0.215686 1.000000
0.160784 0.180392 0.223529 1.000000
0.164706 0.188235 0.235294 1.000000
0.176471 0.196078 0.247059 1.000000
0.184314 0.207843 0.254902 1.000000
0.192157 0.215686 0.266667 1.000000
0.203922 0.227451 0.278431 1.000000
0.211765 0.239216 0.290196 1.000000
0.223529 0.247059 0.298039 1.000000
0.231373 0.258824 0.309804 1.000000
0.239216 0.270588 0.321569 1.000000
0.250980 0.278431 0.333333 1.000000
0.262745 0.286275 0.341176 1.000000
0.266667 0.294118 0.349020 1.000000
0.278431 0.309804 0.364706 1.000000
0.290196 0.321569 0.376471 1.000000
0.298039 0.329412 0.384314 1.000000
0.309804 0.345098 0.400000 1.000000
0.317647 0.349020 0.407843 1.000000
0.329412 0.360784 0.419608 1.000000
0.341176 0.376471 0.435294 1.000000
0.349020 0.384314 0.439216 1.000000
0.360784 0.396078 0.450980 1.000000
0.372549 0.407843 0.462745 1.000000
0.384314 0.419608 0.474510 1.000000
0.396078 0.435294 0.486275 1.000000
0.407843 0.447059 0.501961 1.000000
0.419608 0.458824 0.509804 1.000000
0.435294 0.470588 0.521569 1.000000
0.447059 0.482353 0.533333 1.000000
0.458824 0.494118 0.545098 1.000000
0.470588 0.505882 0.560784 1.000000
0.486275 0.521569 0.572549 1.000000
0.498039 0.533333 0.580392 1.000000
0.509804 0.545098 0.592157 1.000000
0.517647 0.552941 0.603922 1.000000
0.537255 0.576471 0.619608 1.000000
0.552941 0.588235 0.631373 1.000000
0.560784 0.596078 0.639216 1.000000
0.576471 0.615686 0.654902 1.000000
0.592157 0.623529 0.662745 1.000000
0.603922 0.635294 0.678431 1.000000
0.619608 0.654902 0.694118 1.000000
0.631373 0.662745 0.701961 1.000000
0.647059 0.678431 0.713726 1.000000
0.662745 0.690196 0.729412 1.000000
0.674510 0.705882 0.741176 1.000000
0.698039 0.729412 0.756863 1.000000
0.705882 0.737255 0.764706 1.000000
0.717647 0.749020 0.780392 1.000000
0.737255 0.764706 0.792157 1.000000
0.752941 0.776471 0.807843 1.000000
0.768627 0.792157 0.815686 1.000000
0.784314 0.807843 0.831373 1.000000
0.803922 0.819608 0.843137 1.000000
0.815686 0.835294 0.858824 1.000000
0.835294 0.854902 0.866667 1.000000
0.850980 0.866667 0.882353 1.000000
0.870588 0.882353 0.898039 1.000000
0.882353 0.898039 0.909804 1.000000
0.894118 0.905882 0.921569 1.000000
0.917647 0.925490 0.937255 1.000000
0.929412 0.937255 0.945098 1.000000
0.945098 0.956863 0.960784 1.000000
0.968627 0.976471 0.976471 1.000000
0.980392 0.984314 0.984314 1.000000
1.000000 1.000000 1.000000 1.000000
