# lat/lon of the corners of all CCDs in S14-26 (Placeholder until the data
# actually gets here)
47.831 134.113
36.817 130.423
44.515 149.813
33.596 144.249
44.239 150.662
33.353 145.015
38.693 163.888
28.642 157.566
17.942 151.826
28.120 157.274
21.689 140.445
32.782 144.771
21.893 139.758
33.014 144.003
25.082 127.881
36.235 130.275
70.608 145.412
59.713 137.770
65.092 172.078
55.484 158.301
64.653 173.264
55.147 159.364
55.928 -171.946
48.130 174.596
38.877 164.134
47.680 173.985
44.115 150.681
54.605 158.812
44.376 149.832
54.942 157.775
47.946 134.265
59.122 137.527
56.064 -171.613
60.403 -151.598
64.643 173.221
71.546 -160.844
65.081 172.076
72.164 -161.717
70.950 145.720
81.512 164.560
83.211 -93.044
82.011 166.943
72.999 -119.668
72.405 -159.823
72.375 -120.324
71.772 -159.060
61.332 -127.034
60.540 -150.443
61.341 -126.470
57.017 -105.876
72.450 -120.490
66.498 -91.058
73.089 -119.920
66.993 -89.898
83.132 -91.479
73.350 -60.170
61.709 -52.857
72.758 -59.530
57.208 -73.452
66.542 -88.731
56.863 -74.483
66.058 -89.920
49.941 -89.612
56.705 -104.910
38.456 164.675
27.890 159.737
34.075 177.672
23.509 171.828
33.758 178.379
23.213 172.498
27.840 -170.343
17.915 -176.309
7.449 177.828
17.402 -176.598
11.925 167.256
22.662 172.231
12.184 166.625
22.945 171.555
16.518 155.801
27.327 159.520
60.254 178.221
49.931 169.950
54.248 -163.891
44.719 -174.500
53.824 -163.012
44.361 -173.675
45.614 -150.845
37.331 -161.216
28.021 -170.129
36.870 -161.714
33.634 178.386
43.829 -174.142
33.934 177.676
44.190 -174.953
38.557 164.825
49.364 169.629
45.768 -150.601
51.601 -135.818
53.813 -163.043
61.743 -146.667
54.237 -163.894
62.292 -147.515
60.574 178.517
70.647 -168.551
78.209 -132.550
71.140 -167.482
67.373 -120.703
62.650 -146.405
66.728 -120.406
62.085 -145.609
55.523 -116.782
51.850 -134.964
55.616 -116.326
54.891 -96.401
66.773 -120.605
66.312 -90.865
67.418 -120.983
66.965 -90.419
78.349 -131.832
77.795 -74.764
68.912 -45.525
77.462 -72.312
61.096 -65.239
66.779 -88.840
60.582 -66.082
66.134 -89.355
51.175 -77.455
54.769 -95.357
27.587 -169.641
17.101 -174.316
23.356 -157.978
12.663 -163.068
23.063 -157.326
12.377 -162.456
17.716 -146.655
7.458 -151.614
-3.247 -156.871
6.933 -151.865
1.048 -167.369
11.822 -162.678
1.307 -167.986
12.090 -163.323
5.854 -178.397
16.543 -174.532
49.525 -159.000
39.064 -165.128
44.456 -144.092
34.255 -151.761
44.101 -143.301
33.989 -151.003
37.119 -131.498
27.874 -139.306
17.909 -146.465
27.373 -139.693
22.938 -157.314
33.438 -151.361
23.217 -157.967
33.749 -152.084
27.695 -169.506
38.494 -165.386
37.298 -131.317
44.874 -120.090
44.087 -143.325
53.415 -132.449
44.444 -144.092
53.859 -133.316
49.858 -158.789
60.398 -151.391
70.409 -135.407
60.941 -150.848
62.128 -115.812
54.325 -132.607
61.576 -115.067
53.861 -131.762
51.563 -105.226
45.236 -119.439
51.749 -104.880
54.611 -86.508
61.587 -115.255
66.181 -90.477
62.128 -116.063
66.843 -90.841
70.604 -135.215
78.103 -102.340
76.737 -45.453
78.332 -99.509
66.229 -59.490
66.974 -89.229
65.598 -59.954
66.299 -88.929
54.638 -65.803
54.690 -85.456
17.521 -146.007
6.766 -149.687
14.305 -134.697
3.177 -138.470
14.080 -134.049
2.952 -137.823
10.028 -123.219
-0.769 -126.691
-12.025 -130.664
-1.322 -126.871
-8.766 -141.712
2.375 -138.008
-8.556 -142.356
2.588 -138.661
-4.678 -153.087
6.197 -149.861
40.186 -139.227
29.285 -143.022
36.785 -125.394
25.840 -130.365
36.536 -124.620
25.614 -129.641
31.345 -112.451
21.086 -117.844
10.248 -123.066
20.535 -118.120
13.958 -134.024
25.026 -129.884
14.168 -134.671
25.258 -130.597
17.638 -145.894
28.698 -143.187
31.549 -112.324
40.762 -104.114
36.519 -124.637
47.121 -117.846
36.773 -125.390
47.429 -118.730
40.533 -139.111
51.622 -135.667
63.010 -128.907
52.208 -135.422
58.008 -108.090
47.982 -118.303
57.611 -107.115
47.654 -117.424
49.841 -93.076
41.225 -103.638
50.062 -92.820
56.202 -76.848
57.590 -107.279
66.137 -89.987
57.968 -108.300
66.655 -91.069
63.211 -128.940
73.989 -118.961
82.833 -74.672
74.555 -118.013
71.943 -58.813
67.063 -89.793
71.295 -58.483
66.526 -88.740
60.033 -55.306
56.477 -75.856
9.962 -122.712
-1.178 -124.857
8.408 -111.333
-3.164 -113.283
8.286 -110.670
-3.287 -112.609
6.088 -99.459
-5.145 -100.991
-16.925 -102.990
-5.722 -101.073
-15.458 -114.697
-3.892 -112.705
-15.346 -115.383
-3.775 -113.382
-12.954 -126.817
-1.765 -124.957
33.259 -120.253
21.994 -121.676
32.009 -106.867
20.462 -109.199
31.893 -106.091
20.354 -108.470
28.924 -93.394
17.904 -96.322
6.330 -99.346
17.314 -96.478
8.171 -110.625
19.736 -108.589
8.276 -111.286
19.851 -109.307
10.089 -122.620
21.392 -121.733
29.142 -93.322
39.613 -88.034
31.874 -106.103
43.336 -102.908
31.999 -106.861
43.485 -103.814
33.617 -120.224
44.956 -120.082
56.885 -119.278
45.561 -120.060
55.445 -99.004
44.093 -103.618
55.242 -97.910
43.924 -102.709
50.419 -80.862
40.149 -87.725
50.677 -80.718
59.493 -68.151
55.194 -98.045
66.186 -89.502
55.373 -99.164
66.450 -91.049
57.074 -119.408
68.376 -121.505
80.253 -126.800
68.995 -121.664
76.931 -69.137
67.042 -90.405
76.465 -67.117
66.762 -88.832
66.891 -47.080
59.935 -67.306
6.125 -99.195
-5.213 -99.370
6.627 -87.795
-5.110 -87.587
6.628 -87.124
-5.107 -86.903
6.541 -75.711
-4.782 -75.128
-16.698 -74.811
-5.364 -75.102
-17.446 -86.652
-5.709 -86.883
-17.462 -87.355
-5.725 -87.572
-17.151 -99.232
-5.809 -99.369
29.441 -101.428
18.144 -100.400
30.582 -88.398
18.853 -88.054
30.612 -87.623
18.887 -87.323
30.069 -74.492
18.722 -74.928
6.795 -75.644
18.114 -74.961
6.522 -87.059
18.252 -87.311
6.505 -87.725
18.234 -88.034
6.264 -99.131
17.542 -100.339
30.284 -74.475
41.464 -72.144
30.590 -87.629
42.324 -87.882
30.573 -88.390
42.303 -88.791
29.796 -101.486
40.887 -104.390
52.534 -108.241
41.478 -104.558
54.650 -89.417
42.927 -88.819
54.657 -88.286
42.929 -87.899
53.211 -69.130
42.042 -72.009
53.486 -69.105
64.120 -61.392
54.587 -88.386
66.317 -89.127
54.553 -89.526
66.274 -90.809
52.696 -108.446
63.021 -117.369
72.844 -135.993
63.569 -118.023
78.589 -94.773
66.917 -90.913
78.658 -91.454
66.951 -89.188
74.521 -44.164
64.683 -60.826
6.594 -75.722
-4.582 -73.809
9.157 -64.569
-2.350 -62.267
9.281 -63.905
-2.226 -61.593
11.165 -52.544
0.094 -50.088
-11.611 -47.793
-0.475 -49.968
-14.324 -59.115
-2.819 -61.466
-14.463 -59.791
-2.956 -62.142
-16.286 -71.407
-5.167 -73.698
29.061 -82.714
18.178 -79.227
32.558 -70.151
21.130 -67.169
32.727 -69.383
21.285 -66.447
34.504 -55.925
23.297 -53.950
11.411 -52.531
22.694 -53.866
9.186 -63.821
20.669 -66.305
9.052 -64.478
20.525 -67.023
6.744 -75.684
17.599 -79.044
34.728 -55.946
46.058 -56.661
32.705 -69.385
44.085 -73.057
32.551 -70.141
43.899 -73.967
29.391 -82.851
39.676 -88.676
50.234 -96.611
40.220 -89.021
55.641 -79.972
44.495 -74.216
55.853 -78.872
44.669 -73.288
57.931 -58.389
46.643 -56.710
58.198 -58.509
69.540 -58.292
55.769 -78.930
66.500 -88.941
55.527 -80.022
66.158 -90.394
50.361 -96.844
58.697 -110.191
65.404 -131.541
59.111 -111.088
75.549 -115.876
66.714 -91.218
76.078 -114.279
67.053 -89.729
81.479 -59.573
70.153 -58.296
11.126 -52.892
0.404 -49.176
15.396 -42.097
4.337 -38.108
15.614 -41.442
4.553 -37.458
19.009 -30.105
8.298 -26.264
-3.093 -22.741
7.746 -26.080
-7.100 -33.391
3.981 -37.244
-7.328 -34.024
3.753 -37.902
-10.780 -44.975
-0.155 -48.973
32.027 -64.335
21.949 -58.491
37.597 -52.293
26.827 -46.770
37.886 -51.530
27.095 -46.052
41.670 -37.573
30.855 -33.341
19.268 -30.123
30.268 -33.157
15.534 -41.344
26.508 -45.798
15.304 -41.988
26.253 -46.509
11.281 -52.879
21.411 -58.195
41.873 -37.679
52.911 -41.627
37.865 -51.525
48.361 -58.733
37.591 -52.278
48.034 -59.616
32.331 -64.555
41.328 -73.203
50.124 -84.864
41.795 -73.718
58.259 -71.285
48.578 -60.088
58.659 -70.294
48.898 -59.185
64.148 -49.388
53.476 -41.889
64.376 -49.727
74.855 -62.615
58.568 -70.303
66.695 -88.975
58.142 -71.269
66.131 -89.908
50.177 -85.144
55.810 -101.575
59.017 -123.066
56.054 -102.596
70.332 -121.775
66.483 -91.255
70.988 -121.623
67.049 -90.315
82.211 -114.213
75.384 -63.834
18.827 -30.698
8.608 -25.633
24.243 -19.979
13.578 -14.795
24.522 -19.314
13.845 -14.147
28.774 -7.543
18.286 -2.838
7.044 1.235
17.742 -2.620
2.512 -9.198
13.293 -13.892
2.247 -9.814
13.011 -14.530
-2.079 -20.298
8.074 -25.366
37.920 -46.245
28.825 -38.118
45.113 -34.512
35.122 -26.436
45.498 -33.742
35.467 -25.698
50.777 -18.653
40.369 -12.190
29.037 -7.581
39.805 -11.895
24.453 -19.202
34.922 -25.330
24.163 -19.855
34.581 -26.064
18.987 -30.705
28.334 -37.717
50.989 -18.802
61.486 -26.598
45.477 -33.726
54.777 -44.956
45.109 -34.495
54.317 -45.821
38.186 -46.548
45.603 -58.107
52.072 -73.418
45.970 -58.797
62.231 -64.044
54.772 -46.555
62.780 -63.272
55.225 -45.679
71.334 -43.796
62.011 -27.149
71.507 -44.476
78.342 -80.733
62.694 -63.216
66.853 -89.220
62.125 -63.945
66.190 -89.443
52.084 -73.752
54.547 -92.340
54.133 -112.895
54.602 -93.408
64.967 -119.512
66.271 -91.046
65.588 -120.034
66.946 -90.829
75.842 -135.187
78.503 -83.683
28.685 -7.889
18.749 -1.907
34.576 3.507
24.006 9.368
34.872 4.234
24.279 10.056
39.174 17.390
28.577 22.258
17.190 26.099
28.027 22.474
12.937 15.208
23.727 10.332
12.677 14.575
23.444 9.650
8.256 3.952
18.228 -1.605
46.285 -27.596
38.091 -16.986
54.592 -15.420
45.188 -4.454
55.038 -14.555
45.568 -3.632
61.131 3.662
50.816 12.164
39.442 17.366
50.246 12.494
34.805 4.361
45.036 -3.159
34.499 3.648
44.668 -3.978
28.842 -7.908
37.636 -16.481
61.337 3.444
71.429 -9.771
55.018 -14.542
63.028 -31.381
54.589 -15.399
62.468 -32.213
46.515 -27.998
52.260 -43.071
56.026 -62.498
52.520 -43.965
67.266 -59.351
62.823 -33.340
67.907 -59.016
63.376 -32.480
78.843 -47.982
71.909 -10.834
78.885 -49.386
77.564 -106.970
67.835 -58.870
66.973 -89.645
67.184 -59.137
66.328 -89.085
55.980 -62.853
54.989 -82.860
51.003 -101.656
54.849 -83.913
60.252 -113.349
66.120 -90.607
60.756 -114.208
66.760 -91.172
68.344 -134.079
77.205 -109.254
39.379 17.770
29.285 24.046
44.828 31.204
33.889 36.732
45.078 32.081
34.107 37.538
48.229 47.978
37.179 51.464
25.429 53.827
36.607 51.613
22.374 41.878
33.537 37.759
22.172 41.188
33.306 37.006
18.533 29.727
28.752 24.350
56.555 -6.527
48.786 7.172
65.307 8.486
55.789 22.642
65.763 9.671
56.145 23.707
71.218 37.212
60.283 44.669
48.494 48.001
59.686 44.909
45.003 32.219
55.589 24.245
44.744 31.370
55.251 23.194
39.540 17.751
48.339 7.789
71.440 36.994
82.133 18.901
65.744 9.688
72.869 -17.351
65.302 8.517
72.234 -18.191
56.757 -7.064
61.065 -27.500
61.849 -52.588
61.207 -28.716
72.825 -60.147
72.466 -20.102
73.451 -60.799
73.092 -19.225
83.357 -91.426
82.633 16.590
83.117 -92.590
73.006 -120.212
73.417 -60.505
66.986 -90.158
72.790 -59.777
66.517 -88.897
61.745 -52.965
57.210 -73.559
57.018 -105.986
66.525 -91.262
61.305 -126.571
72.415 -120.759
49.939 -89.631
56.880 -74.529
56.683 -104.949
66.059 -90.027
48.500 48.996
37.767 54.036
52.077 65.888
40.512 68.766
52.190 66.960
40.600 69.660
52.560 85.573
41.226 85.185
29.316 84.549
40.645 85.165
28.366 71.642
40.002 69.779
28.279 70.888
39.897 68.895
26.385 58.295
37.203 54.273
67.365 21.600
58.854 38.398
74.972 48.359
63.997 60.606
75.280 50.679
64.191 62.144
75.666 97.035
64.601 89.482
52.815 85.708
64.004 89.226
52.093 67.094
63.572 62.499
51.972 66.036
63.399 60.997
48.661 49.012
58.358 39.059
75.886 97.334
84.129 148.156
75.259 50.689
83.662 0.340
74.970 48.399
83.009 -1.120
67.580 20.850
71.410 -10.077
69.115 -45.279
71.459 -11.969
77.407 -73.211
83.136 -6.242
77.760 -75.770
83.800 -5.070
78.422 -132.865
84.268 153.787
78.200 -132.052
67.290 -121.067
77.789 -75.371
66.909 -90.637
77.449 -72.719
66.726 -88.981
68.951 -45.675
61.089 -65.333
51.176 -77.439
60.601 -66.122
54.738 -95.353
66.107 -89.455
54.868 -96.473
66.297 -91.069
55.553 -116.361
66.689 -120.738
52.637 86.678
41.330 87.933
52.907 105.468
41.241 103.571
52.811 106.561
41.164 104.470
49.753 124.068
38.885 119.526
27.395 115.716
38.325 119.328
28.879 102.963
40.558 104.393
28.941 102.200
40.626 103.494
29.436 89.211
40.737 88.000
75.104 70.174
64.393 81.291
76.447 117.264
65.011 108.921
76.240 119.957
64.897 110.530
69.342 151.344
60.466 134.413
49.971 124.306
59.951 133.759
52.696 106.641
64.280 110.251
52.778 105.556
64.402 108.713
52.789 86.766
63.810 81.663
69.496 151.838
73.467 -174.090
76.224 119.905
85.099 176.087
76.434 117.276
85.738 173.354
75.421 69.504
82.259 18.870
76.945 -45.632
82.331 14.389
78.141 -99.860
85.874 -178.088
77.910 -102.809
85.201 -177.174
70.564 -135.886
73.497 -172.032
70.452 -135.130
61.998 -116.024
77.997 -102.680
66.751 -90.968
78.252 -99.717
66.895 -89.287
76.743 -45.833
66.206 -59.588
54.640 -65.791
65.609 -60.015
54.662 -85.436
66.258 -88.988
54.575 -86.562
66.126 -90.654
51.685 -104.879
61.491 -115.291
# ecliptic corners
-2.906 -170.856
7.422 -166.169
-7.498 -160.009
3.354 -155.537
-1.332 -144.572
-12.031 -148.355
3.136 -154.996
-7.725 -159.443
6.637 167.099
17.006 171.796
2.037 177.927
12.782 -177.313
7.584 -166.382
-2.891 -170.733
12.532 -176.745
1.785 178.503
17.091 171.572
6.623 167.115
21.958 160.699
11.076 156.123
15.310 144.217
25.950 148.401
11.298 155.548
22.187 160.117
25.993 148.096
15.232 144.264
29.948 136.053
18.665 132.527
21.455 119.704
32.529 122.403
18.830 131.879
30.122 135.373
11.704 154.198
22.157 158.799
7.251 165.209
18.002 170.036
12.697 -178.887
2.293 176.557
17.767 170.595
7.017 165.772
19.290 130.547
30.174 134.062
15.933 142.348
27.022 146.476
22.314 158.565
11.724 154.322
26.812 147.117
15.731 142.967
30.230 133.803
19.278 130.567
33.444 120.993
21.948 118.352
23.744 105.102
34.994 106.686
22.064 117.709
33.568 120.307
34.972 106.349
23.679 105.168
36.061 92.469
24.331 92.335
23.846 78.803
35.143 77.809
24.335 91.639
36.064 91.709
22.183 116.420
33.276 119.087
19.588 128.674
30.889 132.178
26.759 144.954
16.006 141.085
30.727 132.829
19.436 129.296
24.457 90.378
35.795 90.573
23.928 103.232
35.605 104.544
33.386 118.795
22.226 116.546
35.538 105.286
23.865 103.914
35.789 90.287
24.451 90.399
35.673 76.307
23.992 77.535
22.367 64.226
33.538 62.045
23.941 76.874
35.619 75.590
33.432 61.738
22.321 64.310
31.122 48.596
19.805 52.021
16.279 39.558
27.042 35.740
19.644 51.368
30.952 47.908
23.675 74.992
34.971 73.866
24.285 87.822
36.018 87.744
35.067 102.361
23.765 101.328
36.027 88.464
24.293 88.489
19.326 49.598
30.284 46.377
21.975 61.819
33.479 59.200
35.004 73.542
23.748 75.100
33.602 59.915
22.089 62.485
30.211 46.122
19.324 49.621
27.075 33.698
15.984 37.809
11.803 25.847
22.394 21.618
15.795 37.211
26.880 33.078
22.242 21.369
11.772 25.935
18.110 10.111
7.351 14.907
2.408 3.534
12.812 -1.001
7.102 14.318
17.860 9.522
18.199 45.601
29.122 42.274
21.007 57.700
32.472 54.894
34.236 69.021
23.010 70.843
32.605 55.566
21.134 58.335
10.387 22.163
20.939 17.844
14.532 33.409
25.555 29.122
29.104 41.969
18.288 45.690
25.769 29.754
14.737 34.022
20.841 17.619
10.388 22.184
16.721 6.456
5.951 11.204
1.057 -0.146
11.495 -4.597
5.717 10.643
16.487 5.895
11.335 -4.828
1.030 -0.060
7.102 -15.489
-3.662 -10.823
-8.466 -22.277
2.103 -26.375
-3.915 -11.407
6.858 -16.056
