# lat/lon of the corners of Cam 1 CCDs 3&4.
-17.8630 -152.0531
-21.7669 -140.1887
-28.1659 -157.6025
-33.0373 -144.5531
-7.3587 -178.0416
-12.0226 -167.0208
-17.4385 176.2934
-22.9306 -172.0546
3.3295 156.6565
-1.1457 167.5997
-6.9847 151.5740
-12.0880 162.8485
-29.3266 -84.8124
-28.3346 -71.3593
-40.8073 -85.4880
-40.1405 -69.4105
12.0840 130.4361
8.6863 141.9527
1.2355 126.5909
-2.6239 138.1988
16.9449 102.7505
15.4154 114.9533
5.5882 100.8109
3.6757 112.9327
16.6717 74.5718
17.4508 86.9149
5.1838 74.8689
5.5371 87.1463
11.5473 47.5654
14.3743 59.3680
0.2599 49.7685
2.6956 61.7540
3.0059 22.5280
7.1825 33.6299
-7.9820 25.9038
-4.0627 37.5462
-7.1378 -1.4461
-2.4130 9.4287
-17.9862 2.4490
-13.3506 14.2090
-17.2742 -26.3226
-12.8407 -14.9706
-28.2646 -22.6684
-23.7829 -9.9941
-25.4853 -54.0741
-22.2993 -41.6192
-36.8194 -51.8649
-33.6186 -37.3945
-21.8162 -140.0147
-25.1411 -127.6344
-33.0923 -144.3658
-36.4510 -130.0278
-28.3109 -71.1696
-26.3389 -58.0429
-40.1105 -69.1960
-37.2917 -53.9220
-12.0855 -166.8606
-16.6046 -155.5777
-22.9990 -171.8907
-27.5669 -159.3289
-1.2089 167.7559
-5.9481 178.6075
-12.1468 163.0081
-16.7873 174.7018
8.6358 142.1158
4.5933 153.3016
-2.6744 138.3594
-6.4311 150.0393
15.3894 115.1270
12.8966 127.0452
3.6438 113.0963
1.5547 125.1624
17.4577 87.0925
17.1333 99.4727
5.5437 87.3149
5.6375 99.6084
14.4126 59.5381
16.3127 71.6461
2.7317 61.9216
5.0429 73.9646
7.2458 33.7860
10.8434 45.2008
-4.0051 37.7149
0.0747 49.2556
-2.3453 9.5839
2.1626 20.5124
-13.2775 14.3584
-8.1238 25.6582
-12.7732 -14.8122
-8.1668 -3.7380
-23.7119 -9.8287
-18.2644 1.9114
-22.2470 -41.4465
-18.4557 -29.4982
-33.5589 -37.2332
-28.8006 -24.0198
